@@@
183.401
182.8
8.552
79.497
191.258
1642
1639
0.005470405
0.000345339
0.09173
0
0
0.0022
1.2056e-005
0.00095
0.0011300000000000001
0.0028499999999999997
0.04309
0.395
0.01432
0.02554
0.050199999999999995
0.04295
0.9812
0.019807
19.71
@@@
182.304
179.496
17.537
60.257
185.848
1659
1654
0.005573372
0.000944849
0.08588
2
0.0072699999999999996
0.00367
2.048e-005
0.00172
0.0014099999999999998
0.00515
0.04169
0.369
0.022879999999999998
0.02339
0.030019999999999998
0.06864
0.982379
0.02406
21.763
@@@
196.338
197.14
4.188
187.998
214.271
1997
1996
0.005072525
0.000107617
0.12672
0
0
0.00249
1.2634e-005
0.0008
0.00157
0.0024
0.01929
0.178
0.00674
0.010920000000000001
0.022480000000000003
0.02022
0.998558
0.001455
30.159
@@@
182.483
182.749
2.074
178.729
201.318
1526
1525
0.005472529
6.1744e-005
0.12105
0
0
0.0017100000000000001
9.377e-006
0.0008100000000000001
0.00097
0.00242
0.047220000000000005
0.384
0.020870000000000003
0.023710000000000002
0.042460000000000005
0.06261
0.989234
0.011609
21.253
@@@
188.176
189.131
3.738
184.511
224.012
1616
1614
0.005288397
9.8086e-005
0.12755
1
0.0032900000000000004
0.00157
8.295e-006
0.00067
0.0008500000000000001
0.00202
0.03852
0.346
0.022000000000000002
0.021640000000000003
0.027450000000000002
0.06601
0.995566
0.004557
25.008
@@@
195.438
196.143
5.647
109.976
252.181
1660
1658
0.005096399
0.000125519
0.1503
0
0
0.002
1.0191e-005
0.0008500000000000001
0.00117
0.00256
0.01331
0.132
0.00474
0.006670000000000001
0.01325
0.01422
0.998076
0.002123
34.084
