@@@
141.997
133.709
26.461
46.399
201.482
616
611
0.007504737
0.001961383
0.33047
1
0.05069
0.01476
0.000110777
0.00722
0.008239999999999999
0.02166
0.06601
0.777
0.02781
0.04239
0.06524
0.08342000000000001
0.888493
0.165813
12.679
@@@
145.068
136.185
30.152
63.396
226.401
561
560
0.007336263
0.002055374
0.39912
0
0
0.00833
6.1099e-005
0.004079999999999999
0.0053300000000000005
0.012240000000000001
0.04442
0.505
0.02396
0.02553
0.03456
0.07189
0.987479
0.013497
22.849
@@@
149.317
150.11
5.06
144.476
222.189
661
660
0.006668501
0.000167386
0.32362
0
0
0.00421
2.8107e-005
0.00158
0.00231
0.00473
0.0198
0.195
0.00815
0.01126
0.019880000000000002
0.02445
0.996291
0.003956
27.908
@@@
136.85
137.06
21.597
64.739
205.051
638
635
0.007307292
0.001328897
0.30149000000000004
0
0
0.010660000000000001
7.7904e-005
0.00503
0.00592
0.01508
0.04629
0.536
0.022770000000000002
0.02956
0.04759000000000001
0.06831000000000001
0.939692
0.089139
16.582
@@@
144.563
138.402
26.313
57.036
206.721
546
543
0.00722181
0.001753022
0.32994999999999997
0
0
0.0076500000000000005
5.5278e-005
0.0032500000000000003
0.00375
0.00974
0.02113
0.28
0.01027
0.012050000000000002
0.02012
0.03082
0.980514
0.023453
25.684
