@@@
128.369
126.779
8.685
53.219
137.344
691
689
0.007888229
0.000737348
0.26011
1
0.13089
0.0039700000000000004
3.1346e-005
0.00192
0.00208
0.0057599999999999995
0.056280000000000004
0.511
0.03077
0.03727
0.03867
0.09231
0.981846
0.020054
19.161
@@@
154.822
154.675
1.356
149.667
158.328
987
986
0.006465175
5.8436e-005
0.057690000000000005
0
0
0.00241
1.5556e-005
0.0011200000000000001
0.0015300000000000001
0.00335
0.09312
0.788
0.03388
0.06474
0.11441000000000001
0.10163
0.97251
0.029361
17.717
@@@
179.954
163.982
35.947
78.127
294.148
1084
1083
0.006107385
0.001724906
0.275
0
0
0.00676
4.1285e-005
0.00398
0.00296
0.011930000000000001
0.0122
0.119
0.00601
0.00625
0.01004
0.01803
0.99496
0.005871
32.122
@@@
137.085
136.082
7.466
63.761
170.078
925
924
0.007346203
0.000548562
0.16442
0
0
0.00481
3.5343e-005
0.00255
0.00243
0.00766
0.032029999999999996
0.301
0.018240000000000003
0.01944
0.02121
0.054720000000000005
0.986745
0.017551
22.081
@@@
147.77
125.855
45.225
72.351
285.066
762
759
0.007946124
0.002929151
0.28889
0
0
0.00471
3.7429e-005
0.00222
0.00251
0.00666
0.01687
0.181
0.008199999999999999
0.010129999999999998
0.014870000000000001
0.02461
0.990337
0.012796
27.973
@@@
176.495
177.205
5.662
167.64
243.859
1247
1245
0.005648501
0.000148565
0.21141
0
0
0.00426
2.4071e-005
0.0023799999999999997
0.00216
0.00714
0.014310000000000002
0.14
0.007730000000000001
0.0083
0.01079
0.0232
0.993505
0.009875
30.342
