@@@
90.591
115.503
41.636
86.986
217.999
649
648
0.008661778
0.002786167
0.17181000000000002
0
0
0.0025700000000000002
2.2282e-005
0.0010299999999999999
0.00147
0.00308
0.09432
0.884
0.04951
0.056479999999999995
0.08324999999999999
0.14854
0.969573
0.032646
16.063
@@@
182.044
186.286
11.871
175.595
238.238
1265
1264
0.00536885
0.000317796
0.13997
0
0
0.00255
1.3714e-005
0.0011899999999999999
0.00122
0.00357
0.04119
0.399
0.01955
0.02245
0.040999999999999995
0.05865
0.990126
0.011181
22.522
@@@
186.086
189.24
8.63
174.792
244.451
1213
1212
0.005285204
0.000230561
0.16969
0
0
0.0032300000000000002
1.707e-005
0.00155
0.0020599999999999998
0.00466
0.02238
0.214
0.009340000000000001
0.01272
0.021349999999999997
0.028010000000000004
0.995534
0.005066
28.76
@@@
177.541
179.269
6.138
171.93
217.947
800
799
0.005580432
0.000176377
0.2708
0
0
0.00439
2.4513e-005
0.00232
0.00291
0.00697
0.08784000000000002
0.792
0.05169
0.051269999999999996
0.057050000000000003
0.15508
0.959635
0.04305
14.574
@@@
100.871
130.554
46.288
77.8
215.88
706
696
0.007675965
0.002716694
0.1
3
0.045860000000000005
0.01444
0.000110816
0.0067800000000000004
0.00754
0.020350000000000004
0.09698000000000001
0.943
0.05578
0.05729
0.07649
0.16734000000000002
0.940198
0.074981
14.611
@@@
190.319
156.747
50.478
91.279
243.35
690
688
0.006374728
0.002348704
0.22942
0
0
0.0028899999999999998
1.8453e-005
0.0013900000000000002
0.00154
0.00417
0.07711
0.703
0.035930000000000004
0.03604
0.06398
0.10779
0.982205
0.018536
18.601
