@@@
125.077
124.956
5.675
111.963
173.999
609
604
0.008005697
0.000343799
0.59689
3
0.44166
0.01054
8.4387e-005
0.005430000000000001
0.00601
0.01628
0.04816
0.582
0.024380000000000002
0.029150000000000002
0.04123
0.07313
0.957746
0.051121
17.262
@@@
129.04
120.811
24.241
56.21
186.119
179
177
0.008257744
0.002146259
0.55942
1
0.023790000000000002
0.013080000000000001
0.000107982
0.00647
0.00756
0.0194
0.14407
1.238
0.06787
0.09365000000000001
0.11439
0.2036
0.863487
0.186283
9.462
@@@
137.124
125.334
29.969
50.212
144.128
155
146
0.007814273
0.002569601
0.4375
4
0.25931000000000004
0.01379
0.000107729
0.00672
0.005410000000000001
0.02016
0.07863
0.707
0.04565
0.0452
0.055830000000000005
0.13695000000000002
0.933322
0.095551
15.196
@@@
138.498
136.847
15.063
83.445
208.848
153
149
0.007289935
0.000924157
0.41786
2
0.15645
0.01636
0.000119234
0.00724
0.00484
0.021720000000000003
0.04678
0.489
0.024700000000000003
0.02881
0.04535
0.07409
0.927201
0.119025
19.093
@@@
133.173
131.791
3.684
119.061
136.928
126
125
0.00758331
0.000213492
0.68405
0
0
0.00954
7.2358e-005
0.00512
0.00526
0.01537
0.14816000000000001
1.324
0.08623
0.08689999999999999
0.09258
0.25869
0.89853
0.12147
10.097
