@@@
145.677
144.847
5.202
132.6
156.959
83
82
0.006894731
0.000278034
0.80386
0
0
0.009120000000000001
6.2894e-005
0.00318
0.00427
0.00953
0.11866
1.079
0.0521
0.0724
0.1257
0.15630000000000002
0.889193
0.148851
11.172
@@@
164.642
160.896
15.692
91.627
179.275
161
160
0.00619111
0.000667066
0.7167100000000001
0
0
0.00632
3.9114e-005
0.00298
0.00419
0.00893
0.05195
0.555
0.01789
0.02858
0.05371000000000001
0.05367
0.96915
0.040078
22.412
@@@
181.45
167.209
36.231
62.718
189.594
217
214
0.00609655
0.002221026
0.64444
1
0.007039999999999999
0.01286
7.8389e-005
0.00315
0.00309
0.00944
0.027770000000000003
0.293
0.01117
0.01486
0.02366
0.03351
0.951521
0.080515
25.189
@@@
151.743
150.147
6.758
126.914
181.498
187
186
0.006658696
0.000304066
0.59164
0
0
0.0055000000000000005
3.6605e-005
0.0027600000000000003
0.0028599999999999997
0.00827
0.043890000000000005
0.459
0.02013
0.02892
0.04151
0.06039
0.966816
0.040858
18.334
@@@
161.069
152.328
22.765
60.979
186.074
209
203
0.006511834
0.001155697
0.5566
2
0.1433
0.00804
5.2334e-005
0.00201
0.00196
0.00604
0.03399
0.344
0.01046
0.01557
0.0335
0.03137
0.9523
0.068851
23.688
@@@
182.877
175.382
18.003
115.864
192.17
208
207
0.005704383
0.000672134
0.6798900000000001
0
0
0.00849
4.8429e-005
0.0043100000000000005
0.00388
0.01294
0.03888
0.419
0.02005
0.020110000000000003
0.03056
0.060140000000000006
0.982351
0.0203
23.671
