@@@
121.324
133.337
36.062
105.11
255.965
143
142
0.007592183
0.001546009
0.73529
0
0
0.011279999999999998
8.5604e-005
0.00385
0.00437
0.011559999999999999
0.04184
0.509
0.01732
0.0225
0.03936
0.05197
0.971517
0.030241
16.726
@@@
123.445
142.307
40.779
113.631
249.653
181
179
0.007079275
0.001673152
0.61747
1
0.05926
0.009250000000000001
6.5458e-005
0.00295
0.00447
0.00885
0.03794
0.512
0.01256
0.02012
0.04166
0.03767
0.988402
0.012133
21.836
@@@
133.851
132.881
4.578
123.776
142.431
139
138
0.00752873
0.000260138
0.66562
0
0
0.00575
4.3325e-005
0.00221
0.0028899999999999998
0.0066300000000000005
0.03913
0.439
0.01365
0.01942
0.03305
0.040940000000000004
0.992888
0.007475
24.794
@@@
125.061
124.315
3.197
114.765
132.622
120
119
0.008043003
0.000269183
0.67007
0
0
0.01285
0.000103325
0.00559
0.00604
0.01677
0.047830000000000004
0.502
0.02122
0.02704
0.03541
0.06367
0.950942
0.063476
15.168
@@@
126.923
130.847
19.024
110.971
245.042
162
161
0.007688841
0.000825976
0.5583
0
0
0.007850000000000001
6.0341e-005
0.00244
0.00314
0.00731
0.03155
0.431
0.011559999999999999
0.01636
0.02823
0.03468
0.990705
0.009736
23.437
@@@
132.119
131.25
7.009
109.368
183.109
161
159
0.007631936
0.000356727
0.60323
1
0.042089999999999995
0.0072699999999999996
5.5447e-005
0.00223
0.00308
0.006690000000000001
0.03305
0.427
0.01123
0.016200000000000003
0.02863
0.03368
0.989979
0.011094
25.663
@@@
90.591
115.503
41.636
86.986
217.999
649
648
0.008661778
0.002786167
0.17181000000000002
0
0
0.0025700000000000002
2.2282e-005
0.0010299999999999999
0.00147
0.00308
0.09432
0.884
0.04951
0.056479999999999995
0.08324999999999999
0.14854
0.969573
0.032646
16.063
@@@
182.044
186.286
11.871
175.595
238.238
1265
1264
0.00536885
0.000317796
0.13997
0
0
0.00255
1.3714e-005
0.0011899999999999999
0.00122
0.00357
0.04119
0.399
0.01955
0.02245
0.040999999999999995
0.05865
0.990126
0.011181
22.522
@@@
186.086
189.24
8.63
174.792
244.451
1213
1212
0.005285204
0.000230561
0.16969
0
0
0.0032300000000000002
1.707e-005
0.00155
0.0020599999999999998
0.00466
0.02238
0.214
0.009340000000000001
0.01272
0.021349999999999997
0.028010000000000004
0.995534
0.005066
28.76
@@@
177.541
179.269
6.138
171.93
217.947
800
799
0.005580432
0.000176377
0.2708
0
0
0.00439
2.4513e-005
0.00232
0.00291
0.00697
0.08784000000000002
0.792
0.05169
0.051269999999999996
0.057050000000000003
0.15508
0.959635
0.04305
14.574
@@@
100.871
130.554
46.288
77.8
215.88
706
696
0.007675965
0.002716694
0.1
3
0.045860000000000005
0.01444
0.000110816
0.0067800000000000004
0.00754
0.020350000000000004
0.09698000000000001
0.943
0.05578
0.05729
0.07649
0.16734000000000002
0.940198
0.074981
14.611
@@@
190.319
156.747
50.478
91.279
243.35
690
688
0.006374728
0.002348704
0.22942
0
0
0.0028899999999999998
1.8453e-005
0.0013900000000000002
0.00154
0.00417
0.07711
0.703
0.035930000000000004
0.03604
0.06398
0.10779
0.982205
0.018536
18.601
