@@@
193.402
198.147
16.415
172.913
297.831
381
379
0.005062224
0.000341972
0.5234599999999999
0
0
0.00494
2.4999e-005
0.0022
0.0026200000000000004
0.00659
0.02833
0.346
0.01165
0.01788
0.0281
0.03495
0.969324
0.051866
21.996
@@@
199.781
201.159
6.536
194.121
245.015
277
275
0.004975241
0.000140285
0.7401099999999999
0
0
0.00332
1.6509e-005
0.0013000000000000002
0.0016300000000000002
0.0038900000000000002
0.04064
0.461
0.01126
0.023940000000000003
0.05534
0.03377
0.988639
0.012287
26.632
@@@
214.475
214.726
4.407
205.642
252.929
298
297
0.004660503
8.1013e-005
0.74259
0
0
0.0041199999999999995
1.9178e-005
0.00193
0.0022700000000000003
0.0057799999999999995
0.020960000000000003
0.232
0.00868
0.0118
0.015600000000000001
0.02605
0.996467
0.003848
29.462
@@@
195.422
194.507
9.584
107.905
210.418
358
357
0.005141308
0.000318824
0.35417000000000004
0
0
0.00348
1.7916e-005
0.00167
0.0017499999999999998
0.00501
0.06513
0.702
0.02735
0.03579
0.05797
0.08204
0.971685
0.033199
17.715
@@@
206.528
200.848
24.187
103.838
248.346
371
370
0.004982169
0.000783696
0.48179000000000005
0
0
0.0037400000000000003
1.8648e-005
0.0015300000000000001
0.00173
0.00458
0.01614
0.234
0.00577
0.00907
0.01607
0.01732
0.995809
0.004385
30.747
@@@
229.069
228.554
9.027
200.889
251.188
317
316
0.0043753
0.000183206
0.42754
0
0
0.00449
1.9652e-005
0.00218
0.00233
0.00653
0.029310000000000003
0.396
0.01507
0.01615
0.026389999999999997
0.0452
0.984664
0.021676
25.216
