@@@
<<<<<<< HEAD
150.202
150.319
2.508
141.134
160.303
671
669
0.006652839
0.000111428
0.26238
1
0.26489
0.00444
2.957e-005
0.00211
0.0023
0.00634
0.06405999999999999
0.631
0.03435
0.03765
0.05118
0.10305
0.973709
0.028852
17.184
@@@
169.382
160.556
27.825
56.621
222.022
616
613
0.006233137
0.001507496
0.21837
1
0.21776
0.00404
2.5167e-005
0.00154
0.0017100000000000001
0.00461
0.026010000000000002
0.285
0.01093
0.0139
0.029750000000000002
0.032780000000000004
0.984756
0.01902
24.309
@@@
207.955
195.932
34.327
100.669
281.836
878
875
0.005101802
0.001117926
0.20354
2
0.15952
0.00496
2.5318e-005
0.00241
0.00254
0.00722
0.02048
0.237
0.00964
0.01157
0.01738
0.02892
0.990943
0.010558
27.659
@@@
177.382
170.305
29.529
51.05
245.57
595
590
0.005826042
0.001435583
0.35155000000000003
2
0.027320000000000004
0.00905
5.2725e-005
0.0032500000000000003
0.00388
0.00975
0.04877
0.493
0.01959
0.03229
0.0572
0.05878
0.933622
0.104319
15.636
@@@
202.758
201.549
10.439
162.689
236.501
793
792
0.004964205
0.000266206
0.22134
0
0
0.00586
2.9094e-005
0.0017499999999999998
0.0027400000000000002
0.005240000000000001
0.05115
0.535
0.014159999999999999
0.02475
0.06725
0.042480000000000004
0.984819
0.018974
24.748
@@@
223.081
224.479
7.984
193.801
261.983
978
977
0.004453636
0.000158642
0.07839
0
0
0.0053300000000000005
2.3749e-005
0.0025800000000000003
0.00268
0.00774
0.01989
0.263
0.00943
0.01089
0.01897
0.028290000000000003
0.995762
0.004403
28.037
=======
121.324
133.337
36.062
105.11
255.965
143
142
0.007592183
0.001546009
0.73529
0
0
0.011279999999999998
8.5604e-005
0.00385
0.00437
0.011559999999999999
0.04184
0.509
0.01732
0.0225
0.03936
0.05197
0.971517
0.030241
16.726
@@@
123.445
142.307
40.779
113.631
249.653
181
179
0.007079275
0.001673152
0.61747
1
0.05926
0.009250000000000001
6.5458e-005
0.00295
0.00447
0.00885
0.03794
0.512
0.01256
0.02012
0.04166
0.03767
0.988402
0.012133
21.836
@@@
133.851
132.881
4.578
123.776
142.431
139
138
0.00752873
0.000260138
0.66562
0
0
0.00575
4.3325e-005
0.00221
0.0028899999999999998
0.0066300000000000005
0.03913
0.439
0.01365
0.01942
0.03305
0.040940000000000004
0.992888
0.007475
24.794
@@@
125.061
124.315
3.197
114.765
132.622
120
119
0.008043003
0.000269183
0.67007
0
0
0.01285
0.000103325
0.00559
0.00604
0.01677
0.047830000000000004
0.502
0.02122
0.02704
0.03541
0.06367
0.950942
0.063476
15.168
@@@
126.923
130.847
19.024
110.971
245.042
162
161
0.007688841
0.000825976
0.5583
0
0
0.007850000000000001
6.0341e-005
0.00244
0.00314
0.00731
0.03155
0.431
0.011559999999999999
0.01636
0.02823
0.03468
0.990705
0.009736
23.437
@@@
132.119
131.25
7.009
109.368
183.109
161
159
0.007631936
0.000356727
0.60323
1
0.042089999999999995
0.0072699999999999996
5.5447e-005
0.00223
0.00308
0.006690000000000001
0.03305
0.427
0.01123
0.016200000000000003
0.02863
0.03368
0.989979
0.011094
25.663
>>>>>>> f30426496d60660fa4626d3cd51b75a2015706e2
